1
15
5
24
1
50
0 0 0 0 0 0 0
0 1 0 1 0 0 0
0 0 0 0 0 1 0
0 1 0 0 0 0 0
0 0 0 1 0 0 0
0 0 0 0 0 0 0
0 0 1 1 1 1 0
0 0 0 1 0 1 0
0 0 1 0 0 0 0
0 0 1 0 0 0 0
0 0 1 1 0 0 0
0 1 1 0 0 0 0
0 0 1 0 0 0 0
0 0 0 0 1 1 0
0 0 0 1 0 1 0
0 0 0 1 1 0 0
0 0 0 0 0 0 0
-2 -2 -2 -2 -2 -2 -2
-2 -2 -2 -2 -2 -2 -2
-2 -2 -2 -2 -2 -2 -2
-2 -2 -2 -2 -2 -2 -2
-2 -2 -2 -2 1 -2 -2
-2 -2 -2 -2 -2 -2 -2
-2 -2 -2 -2 -2 -2 -2
-2 -2 -2 -2 -2 -2 -2
-2 -2 -2 -2 -2 -2 -2
-2 -2 -2 -2 -2 -2 -2
-2 -2 -2 -2 -2 -2 -2
-2 -2 -2 -2 -2 -2 -2
-2 -2 -2 -2 -2 -2 -2
-2 -2 -2 -2 -2 -2 -2
-2 -2 -2 -2 -2 -2 -2
-2 -2 -2 -2 -2 -2 -2
-2 -2 -2 -2 -2 -2 -2
